383379
178880
160475
103008
450601
155017
555990
677949
520280
420866
691151
642188
811413
9707
447710
661160
796173
548459
217933
420056
779074
513529
287078
494953
821065
554048
112024
447132
388618
727033
513651
288349
905914
190478
907710
872867
345496
463700
67168
382128
884567
758319
540668
212332
284378
988378
389845
596904
536838
607778
834592
640394
885124
885507
137679
39468
981274
601332
372688
884006
736386
50410
254158
624808
250075
128001
56495
69442
371663
255791
275572
446553
610542
697480
938738
80969
47385
646023
269151
237203
62547
103743
393949
947671
505602
531628
987139
3228
649312
876180
403586
385699
442942
657744
526859
693018
785745
583354
762460
673761
834592
640394
885124
885507
137679
39468
981274
601332
372688
884006
736386
50410
254158
624808
250075
128001
56495
69442
371663
255791
275572
446553
610542
697480
938738
80969
47385
646023
269151
237203
62547
103743
393949
947671
505602
531628
987139
3228
649312
876180
403586
385699
442942
657744
526859
693018
785745
583354
762460
673761
876103
306055
681575
949470
742515
43220
811223
911770
172440
233876
501768
644383
178040
921216
168478
47598
897132
341215
588878
954383
56147
545861
519594
4278
280652
475628
721220
895041
415705
275723
714828
291809
581778
396404
757631
840645
955976
568854
752415
128416
802730
254183
289152
497122
175400
457630
544721
588884
315198
133599
876103
306055
681575
949470
742515
43220
811223
911770
172440
233876
501768
644383
178040
921216
168478
47598
897132
341215
588878
954383
56147
545861
519594
4278
280652
475628
721220
895041
415705
275723
714828
291809
581778
396404
757631
840645
955976
568854
752415
128416
802730
254183
289152
497122
175400
457630
544721
588884
315198
133599
598259
352694
468069
704927
638579
232641
183186
613126
916791
543094
37193
245751
103318
606702
602180
379115
336617
363016
334740
15761
942729
59190
882231
497605
998158
131499
491195
405826
996690
112667
92829
594950
981714
560899
816229
136645
309892
999416
749771
226683
542510
303316
988786
162180
910018
590966
541295
762987
470335
392388
598259
352694
468069
704927
638579
232641
183186
613126
916791
543094
37193
245751
103318
606702
602180
379115
336617
363016
334740
15761
942729
59190
882231
497605
998158
131499
491195
405826
996690
112667
92829
594950
981714
560899
816229
136645
309892
999416
749771
226683
542510
303316
988786
162180
910018
590966
541295
762987
470335
392388
